   0.000000000000000
   0.000000000000000
   3.452319517142088E-004
   7.382732075425502E-004
   1.185698840848959E-003
   1.694974598969612E-003
   2.274573528410651E-003
   2.934106670883785E-003
   3.684469163968918E-003
   4.538003089793796E-003
   5.508678378424614E-003
   6.612292971252376E-003
   7.866693259992729E-003
   9.292015509277940E-003
   1.091094850818236E-002
   1.274901703300296E-002
   1.483488478546663E-002
   1.720067423261790E-002
   1.988229914256001E-002
   2.291980350118761E-002
   2.635769782112901E-002
   3.024528052837250E-002
   3.463692805859703E-002
   3.959233246485167E-002
   4.517665973091206E-002
   5.146059568066513E-002
   5.852023957436392E-002
   6.643679855936790E-002
   7.529602969522231E-002
   8.518737118451442E-002
   9.620270192704744E-002
   0.108434670139297
   0.121974539418153
   0.136909516335619
   0.153319549420345
   0.171273626733552
   0.190825648672031
   0.212010012913776
   0.234837115953503
   0.259289043944692
   0.285315785085518
   0.312832334738317
   0.341717070262876
   0.371811734284004
   0.402923276683141
   0.434827668601463
   0.467275627355006
   0.500000000000000
   0.520766040666261
   0.541460882788903
   0.562014300934530
   0.582357987763279
   0.602426444145021
   0.622157790337974
   0.641494477915540
   0.660383886701028
   0.678778796046760
   0.696637725043398
   0.713925141350409
   0.730611543021150
   0.746673421735625
   0.762093119098613
   0.776858590030413
   0.790963088759741
   0.804404793569407
   0.817186386336885
   0.829314602176044
   0.840799763261783
   0.851655309348252
   0.861897335708707
   0.871544147351488
   0.880615836502970
   0.889133888574231
   0.897120820201433
   0.904599851508130
   0.911594613501160
   0.918128890485976
   0.924226396566686
   0.929910584666978
   0.935204486051484
   0.940130578021027
   0.944710677276498
   0.948965856372178
   0.952916380688801
   0.956581663430186
   0.959980236267879
   0.963129733411457
   0.966046887055866
   0.968747532341638
   0.971246620151429
   0.973558236251062
   0.975695625461055
   0.977671219712206
   0.979496668994568
   0.981182874351688
   0.982740022201150
   0.984177619378108
   0.985504528401182
   0.986729002550413
   0.987858720425806
   0.988900819723252
   0.989861930023278
   0.990748204438069
   0.991565350004544
   0.992318656746787
   0.993013025360641
   0.993652993497681
   0.994242760645573
   0.994786211617832
   0.995286938678662
   0.995748262338389
   0.996173250862526
   0.996564738542965
   0.996925342783657
   0.997257480055597
   0.997563380777292
   0.997845103177318
   0.998104546195289
   0.998343461476692
   0.998563464515721
   0.998766044998596
   0.998952576397922
   0.999124324866579
   0.999282457477411
   0.999428049852722
   0.999562093225273
   0.999685500970208
   0.999799114645038
   0.999903709572633
   1.00000000000000
   1.00012153116345
   1.00024967726249
   1.00038479742952
   1.00052727019185
   1.00067749450763
   1.00083589085579
   1.00100290238273
   1.00117899610846
   1.00136466419515
   1.00156042528118
   1.00176682588371
   1.00198444187312
   1.00221388002277
   1.00245577963752
   1.00271081426476
   1.00297969349168
   1.00326316483275
   1.00356201571148
   1.00387707554060
   1.00420921790495
   1.00455936285164
   1.00492847929186
   1.00531758751907
   1.00572776184834
   1.00616013338162
   1.00661589290385
   1.00709629391499
   1.00760265580278
   1.00813636716143
   1.00869888926120
   1.00929175967374
   1.00991659605832
   1.01057510011358
   1.01126906169942
   1.01200036313370
   1.01277098366761
   1.01358300414388
   1.01443861184110
   1.01534010550719
   1.01628990058448
   1.01729053462819
   1.01834467291920
   1.01945511427131
   1.02062479703197
   1.02185680527448
   1.02315437517804
   1.02452090159072
   1.02595994476870
   1.02747523728299
   1.02907069108280
   1.03075040470242
   1.03251867059533
   1.03437998257685
   1.03633904335272
   1.03840077210778
   1.04057031212453
   1.04285303839719
   1.04525456520191
   1.04778075357835
   1.05043771867259
   1.05323183688451
   1.05616975275663
   1.05925838553394
   1.06250493531672
   1.06591688872012
   1.06950202394559
   1.07326841516043
   1.07722443607171
   1.08137876257137
   1.08574037431874
   1.09031855511639
   1.09512289192442
   1.10016327234770
   1.10544988041991
   1.11099319049799
   1.11680395907056
   1.12289321427490
   1.12927224290899
   1.13595257471777
   1.14294596372811
   1.15026436640316
   1.15791991638615
   1.16592489560566
   1.17429170151957
   1.18303281028424
   1.19216073564890
   1.20168798339373
   1.21162700115420
   1.22199012350397
   1.23278951220530
   1.24403709157919
   1.25574447899836
   1.26792291056426
   1.28058316209555
   1.29373546562925
   1.30738942171691
   1.32155390788680
   1.33623698373762
   1.35144579322984
   1.36718646484485
   1.38346401038946
   1.40028222333083
   1.41764357765299
   1.43554912832824
   1.45399841459149
   1.47298936729057
   1.49251822165693
   1.51257943689582
   1.53316562402967
   1.55426748343966
   1.57587375353518
   1.59797117193712
   1.62054445048570
   1.64357626527644
   1.66704726278749
   1.69093608298925
   1.71521940012304
   1.73987198160393
   1.76486676524522
   1.79017495472505
   1.81576613292335
   1.84160839245759
   1.86766848244467
   1.89391197022262
   1.92030341648593
   1.94680656203187
   1.97338452408796
   2.00000000000000
   2.02661547591204
   2.05319343796813
   2.07969658351407
   2.10608802977738
   2.13233151755533
   2.15839160754241
   2.18423386707665
   2.20982504527495
   2.23513323475478
   2.26012801839607
   2.28478059987696
   2.30906391701075
   2.33295273721251
   2.35642373472356
   2.37945554951430
   2.40202882806288
   2.42412624646482
   2.44573251656034
   2.46683437597033
   2.48742056310418
   2.50748177834307
   2.52701063270943
   2.54600158540851
   2.56445087167176
   2.58235642234701
   2.59971777666917
   2.61653598961054
   2.63281353515515
   2.64855420677016
   2.66376301626238
   2.67844609211320
   2.69261057828309
   2.70626453437075
   2.71941683790445
   2.73207708943574
   2.74425552100164
   2.75596290842081
   2.76721048779470
   2.77800987649603
   2.78837299884580
   2.79831201660627
   2.80783926435110
   2.81696718971576
   2.82570829848043
   2.83407510439434
   2.84208008361385
   2.84973563359684
   2.85705403627189
   2.86404742528223
   2.87072775709101
   2.87710678572510
   2.88319604092944
   2.88900680950201
   2.89455011958009
   2.89983672765230
   2.90487710807558
   2.90968144488361
   2.91425962568126
   2.91862123742863
   2.92277556392829
   2.92673158483957
   2.93049797605441
   2.93408311127988
   2.93749506468328
   2.94074161446606
   2.94383024724337
   2.94676816311549
   2.94956228132741
   2.95221924642165
   2.95474543479809
   2.95714696160281
   2.95942968787547
   2.96159922789222
   2.96366095664728
   2.96562001742315
   2.96748132940467
   2.96924959529758
   2.97092930891720
   2.97252476271701
   2.97404005523130
   2.97547909840928
   2.97684562482196
   2.97814319472552
   2.97937520296803
   2.98054488572869
   2.98165532708080
   2.98270946537181
   2.98371009941552
   2.98465989449281
   2.98556138815890
   2.98641699585612
   2.98722901633239
   2.98799963686630
   2.98873093830058
   2.98942489988642
   2.99008340394168
   2.99070824032626
   2.99130111073880
   2.99186363283857
   2.99239734419722
   2.99290370608501
   2.99338410709615
   2.99383986661838
   2.99427223815166
   2.99468241248093
   2.99507152070814
   2.99544063714836
   2.99579078209505
   2.99612292445940
   2.99643798428852
   2.99673683516725
   2.99702030650832
   2.99728918573524
   2.99754422036248
   2.99778611997723
   2.99801555812688
   2.99823317411629
   2.99843957471882
   2.99863533580485
   2.99882100389154
   2.99899709761727
   2.99916410914421
   2.99932250549237
   2.99947272980815
   2.99961520257048
   2.99975032273751
   2.99987846883655
   3.00000000000000
   3.00009629042737
   3.00020088535496
   3.00031449902979
   3.00043790677473
   3.00057195014728
   3.00071754252259
   3.00087567513342
   3.00104742360208
   3.00123395500140
   3.00143653548428
   3.00165653852331
   3.00189545380471
   3.00215489682268
   3.00243661922271
   3.00274251994440
   3.00307465721634
   3.00343526145704
   3.00382674913747
   3.00425173766161
   3.00471306132134
   3.00521378838217
   3.00575723935443
   3.00634700650232
   3.00698697463936
   3.00768134325321
   3.00843464999546
   3.00925179556193
   3.01013806997672
   3.01109918027675
   3.01214127957419
   3.01327099744959
   3.01449547159882
   3.01582238062189
   3.01725997779885
   3.01881712564831
   3.02050333100543
   3.02232878028779
   3.02430437453895
   3.02644176374894
   3.02875337984857
   3.03125246765836
   3.03395311294413
   3.03687026658854
   3.04001976373212
   3.04341833656981
   3.04708361931120
   3.05103414362782
   3.05528932272350
   3.05986942197897
   3.06479551394852
   3.07008941533302
   3.07577360343331
   3.08187110951402
   3.08840538649884
   3.09540014849187
   3.10287917979857
   3.11086611142577
   3.11938416349703
   3.12845585264851
   3.13810266429129
   3.14834469065175
   3.15920023673822
   3.17068539782396
   3.18281361366312
   3.19559520643059
   3.20903691124026
   3.22314140996959
   3.23790688090139
   3.25332657826438
   3.26938845697885
   3.28607485864959
   3.30336227495660
   3.32122120395324
   3.33961611329897
   3.35850552208446
   3.37784220966203
   3.39757355585498
   3.41764201223672
   3.43798569906547
   3.45853911721110
   3.47923395933374
   3.50000000000000
   3.53272437264499
   3.56517233139854
   3.59707672331686
   3.62818826571599
   3.65828292973712
   3.68716766526168
   3.71468421491448
   3.74071095605531
   3.76516288404650
   3.78798998708622
   3.80917435132797
   3.82872637326645
   3.84668045057965
   3.86309048366438
   3.87802546058185
   3.89156532986070
   3.90379729807295
   3.91481262881549
   3.92470397030478
   3.93356320144063
   3.94147976042564
   3.94853940431933
   3.95482334026909
   3.96040766753515
   3.96536307194140
   3.96975471947163
   3.97364230217887
   3.97708019649881
   3.98011770085744
   3.98279932576738
   3.98516511521453
   3.98725098296700
   3.98908905149182
   3.99070798449072
   3.99213330674001
   3.99338770702875
   3.99449132162158
   3.99546199691021
   3.99631553083603
   3.99706589332912
   3.99772542647159
   3.99830502540103
   3.99881430115915
   3.99926172679246
   3.99965476804829
   4.00000000000000
